path,version,duration,start,end,size,messages,compression,vehicle,error,md5,types,topics
1,2,3,4,5,6,7,8,9,10,11,a,b
5,6,7,8,9,1,2,3,4,12,14.a,b
15,6,7,8,9,1,2,3,4,12,14.a,b
25,6,7,8,9,1,2,3,4,12,14.a,b
35,6,7,8,9,1,2,3,4,12,14.a,b
45,6,7,8,9,1,2,3,4,12,14.a,b
55,6,7,8,9,1,2,3,4,12,14.a,b
65,6,7,8,9,1,2,3,4,12,14.a,b
75,6,7,8,9,1,2,3,4,12,14.a,b
185,6,7,8,9,1,2,3,4,12,14.a,b
195,6,7,8,9,1,2,3,4,12,14.a,b
205,6,7,8,9,1,2,3,4,12,14.a,b
215,6,7,8,9,1,2,3,4,12,14.a,b
225,6,7,8,9,1,2,3,4,12,14.a,b
235,6,7,8,9,1,2,3,4,12,14.a,b
245,6,7,8,9,1,2,3,4,12,14.a,b
